0,0,0,0,0,0,0,0,0,0,0,0,0,0,0,0,0,0,0,0,0,0,0,0,0,0,0,0,0,0,0,0,0,0,0,0,0,0,0,0,0,0,0,0,0,0,0,0,0,0,0,0,0,0,0,0,0,0,0,0,0,0,0,0,0,0,0,0,0,0,0,0,0,0,0,0,0,0,0,0,0,0,0,0,0,0,0,0,0,0,0,0,0,0,0,0,34,34,34,34,
0,0,0,0,0,0,0,0,0,0,0,0,0,0,0,0,0,0,0,0,0,0,0,0,0,0,0,0,0,0,0,0,0,0,0,0,0,0,0,0,0,0,0,0,0,0,0,0,0,0,0,0,0,0,0,0,0,0,0,0,0,0,0,0,0,0,0,0,0,0,0,0,0,0,0,0,0,0,0,0,0,0,0,0,0,0,0,0,0,0,0,0,0,0,0,0,34,34,34,34,
0,0,0,0,0,0,0,0,0,0,0,0,0,0,0,0,0,0,0,0,0,0,0,0,0,0,0,0,0,0,0,0,0,0,0,0,0,0,0,0,0,0,0,0,0,0,0,0,0,0,0,0,0,0,0,0,0,0,0,0,0,0,0,0,0,0,0,0,0,0,0,0,0,0,0,0,0,0,0,0,0,0,0,0,0,0,0,0,0,0,0,0,0,0,0,0,34,34,34,34,
0,0,0,0,0,0,0,0,0,0,0,0,0,0,0,0,0,0,0,0,0,0,0,0,0,0,0,0,0,0,0,0,0,0,0,0,0,0,0,0,0,0,0,0,0,0,0,0,0,0,0,0,0,0,0,0,0,0,0,0,0,0,0,0,0,0,0,0,0,0,0,0,0,0,0,0,0,0,0,0,0,0,0,0,0,0,0,0,0,0,0,0,0,0,0,0,34,34,34,34,
0,0,0,0,0,0,0,0,0,0,0,0,0,0,0,0,0,0,0,0,0,0,0,0,0,0,0,0,0,0,0,0,0,0,0,0,0,0,0,0,0,0,0,0,0,0,0,0,0,0,0,0,0,0,0,0,0,0,0,0,0,0,0,0,0,0,0,0,0,0,0,0,0,0,0,0,0,0,0,0,0,0,0,0,0,0,0,0,0,0,0,0,0,0,0,0,34,34,34,34,
0,0,0,0,0,0,0,0,0,0,0,0,0,0,0,0,0,0,0,0,666,667,668,0,0,0,0,0,0,0,0,0,0,0,0,0,0,0,0,0,0,0,0,0,0,0,0,0,0,0,0,0,0,0,0,0,0,0,0,0,0,0,0,0,0,0,0,0,0,0,0,0,0,0,0,0,0,0,0,0,0,0,0,0,0,0,0,0,0,0,0,0,0,0,0,0,34,34,34,34,
0,0,0,0,0,0,0,0,0,0,0,0,0,0,0,0,0,0,0,0,699,700,701,0,0,0,0,0,0,0,0,0,0,0,0,0,0,0,0,0,0,0,0,0,0,0,0,0,0,0,0,0,0,666,667,668,0,0,0,0,0,0,0,0,0,0,0,0,0,0,0,0,0,0,0,0,0,0,0,0,0,0,0,0,0,0,0,0,0,0,0,0,0,0,0,0,34,5,5,34,
0,0,0,0,0,0,0,0,0,0,0,0,0,0,0,0,0,0,0,0,0,0,0,0,0,0,0,0,0,0,0,0,0,0,0,0,0,0,0,0,0,0,0,0,0,0,0,0,0,0,0,0,0,699,700,701,0,0,0,0,0,0,0,0,0,0,0,0,0,0,0,0,0,0,0,0,0,0,0,0,0,0,666,667,668,0,0,0,0,0,0,0,0,0,0,0,34,5,5,34,
0,0,0,0,0,0,0,0,0,0,0,0,0,0,0,0,0,0,0,0,0,0,0,0,0,0,0,0,0,0,0,0,0,0,0,0,0,0,0,0,666,667,668,0,0,0,0,0,0,0,0,0,0,0,0,0,0,0,0,0,0,0,0,0,0,0,0,0,0,0,0,0,0,0,0,0,0,0,0,0,0,0,699,700,701,0,0,0,0,0,0,0,0,0,0,0,34,5,5,34,
0,0,0,0,0,0,0,0,0,0,0,0,0,0,0,0,0,0,0,0,0,0,0,0,0,0,0,0,0,0,0,0,0,0,0,0,0,0,0,0,699,700,701,0,0,0,0,0,0,0,0,0,0,0,0,0,0,0,0,0,0,0,0,0,0,0,0,0,0,0,0,0,0,0,0,0,0,0,0,0,0,0,0,0,0,0,0,0,0,0,0,0,0,0,0,0,34,34,34,34,
0,0,0,0,0,0,0,0,0,0,0,0,0,0,0,0,0,0,0,0,0,0,0,0,0,0,0,0,0,0,0,0,0,0,0,666,667,668,0,0,0,0,0,0,0,0,0,0,0,0,0,0,0,0,0,0,0,0,0,0,0,0,0,0,0,0,0,0,0,0,0,666,667,668,0,0,0,0,0,0,0,0,0,0,0,0,0,0,0,0,0,0,0,0,0,0,34,34,34,34,
0,0,0,0,0,0,0,0,0,0,0,0,0,0,666,667,668,0,0,0,0,0,0,0,0,0,0,0,0,0,0,0,0,0,0,699,700,701,0,0,0,0,0,0,0,0,0,0,0,0,0,0,0,0,0,0,0,0,0,0,0,0,0,0,0,0,0,0,0,0,0,699,700,701,0,0,666,667,668,0,0,0,0,0,0,0,0,0,0,666,667,668,0,0,0,0,34,5,5,34,
0,0,0,0,0,0,666,667,668,0,0,0,0,0,699,700,701,0,0,0,0,0,0,0,0,0,0,0,0,0,0,0,0,0,0,0,0,0,0,0,0,0,0,0,0,0,666,667,668,0,0,0,0,0,0,0,0,0,0,0,0,0,0,666,667,668,0,0,0,0,0,0,0,0,0,0,699,700,701,0,0,0,0,0,0,0,0,0,0,699,700,701,0,0,0,0,34,5,5,34,
0,0,0,0,0,0,699,700,701,0,0,0,0,0,0,0,0,0,0,0,0,0,0,0,0,0,0,0,666,667,668,0,0,0,0,0,0,0,0,0,0,0,0,0,0,0,699,700,701,0,0,0,0,0,0,0,0,0,0,0,0,0,0,699,700,701,0,0,0,0,0,0,0,0,0,0,0,0,0,0,0,0,0,0,0,0,0,0,0,0,0,58,0,0,0,0,34,5,5,34,
0,0,0,0,0,0,0,0,0,0,0,0,0,0,0,0,58,0,0,0,0,0,0,0,0,0,0,0,699,700,701,0,0,0,0,0,0,0,0,0,0,0,0,0,0,0,0,0,0,0,0,0,0,0,0,0,0,0,0,0,0,0,0,0,0,0,0,0,0,0,0,0,0,0,0,0,0,0,0,0,0,0,0,666,667,668,58,58,58,58,58,58,0,0,58,0,34,34,34,34,
0,0,0,0,0,0,0,0,0,0,0,0,0,0,0,0,58,0,34,34,0,0,0,0,0,0,0,0,0,0,0,0,0,0,0,0,0,0,0,0,0,0,6,6,6,0,0,0,0,0,0,0,0,0,0,0,0,0,0,0,0,0,0,0,0,0,0,0,0,0,0,0,0,0,0,0,0,0,0,0,58,0,0,699,700,701,0,0,0,0,0,34,34,0,58,0,34,34,34,34,
0,0,0,0,0,0,0,0,0,0,0,0,0,0,0,0,58,0,34,34,0,0,0,0,0,0,0,0,0,0,0,0,0,0,0,0,0,0,0,0,0,0,6,6,6,0,0,0,0,0,0,0,0,0,0,0,0,0,0,0,0,0,0,0,0,0,0,0,0,0,0,0,0,0,0,0,0,0,0,58,58,0,0,58,0,0,34,34,34,34,34,34,34,34,58,58,34,5,5,34,
0,0,0,0,0,0,0,0,0,0,0,0,0,0,0,0,58,0,34,34,0,0,0,0,0,0,0,0,0,0,0,0,0,0,0,0,0,0,0,0,0,0,6,6,6,0,0,0,0,58,58,0,0,0,666,667,668,0,0,0,0,0,0,0,0,0,0,0,0,0,0,0,0,0,0,666,667,668,0,58,0,0,0,0,0,34,34,34,34,34,34,34,34,34,0,58,34,5,5,34,
0,0,0,666,667,668,0,0,0,34,0,0,0,0,0,0,58,0,34,34,0,0,0,0,0,0,0,0,0,0,0,0,0,0,666,667,668,0,0,0,0,0,6,6,6,0,0,0,58,58,58,0,0,0,699,700,701,0,0,0,0,0,0,0,0,0,0,0,0,0,0,0,0,0,0,699,700,701,58,58,0,0,0,0,34,34,34,34,34,34,34,34,34,34,0,58,34,5,5,34,
0,0,0,699,700,701,0,0,0,34,0,0,0,0,0,0,58,0,34,34,0,0,0,0,666,667,668,0,0,0,0,0,0,0,699,700,701,0,0,0,0,0,6,6,6,0,58,58,58,58,58,0,0,0,0,0,0,0,0,0,0,0,0,0,0,0,0,0,0,0,0,0,0,0,0,0,0,0,58,0,0,0,34,34,34,34,34,34,34,34,34,34,34,34,0,58,34,34,34,34,
0,0,0,0,0,0,0,0,0,34,0,0,6,6,6,0,58,0,34,34,0,0,0,0,699,700,701,0,0,0,0,0,0,0,0,0,0,0,0,0,0,0,6,6,6,0,58,58,58,0,58,0,0,0,0,0,0,0,0,0,0,0,0,0,0,0,0,0,0,0,0,0,0,0,0,0,58,58,58,0,0,34,34,34,34,34,34,34,34,34,34,34,34,34,0,58,34,34,34,34,
0,0,0,0,0,0,0,0,0,34,0,0,6,6,6,0,58,0,34,34,0,0,0,0,0,0,0,0,0,0,0,0,0,0,0,0,0,0,0,0,0,0,0,6,0,0,58,58,58,58,58,0,0,0,0,0,0,0,0,0,0,0,0,0,0,0,666,667,668,0,0,0,0,0,58,58,58,0,0,0,34,34,34,34,34,34,34,34,34,34,34,34,34,34,0,58,34,34,34,34,
0,0,0,34,34,34,34,34,34,34,34,0,6,6,6,0,58,0,0,34,34,34,34,34,34,34,34,34,34,34,34,34,0,0,0,0,0,666,667,668,0,0,0,6,0,0,0,0,58,58,58,0,0,0,0,0,0,0,0,0,0,0,0,0,0,0,699,700,701,0,0,0,58,58,58,0,0,0,0,0,34,34,34,34,34,34,34,34,34,34,34,34,34,34,0,58,34,5,5,34,
0,0,0,0,0,0,0,0,0,34,34,0,6,6,6,0,58,0,0,34,34,34,34,34,34,34,34,34,34,34,34,34,0,0,0,0,0,699,700,701,0,0,0,6,0,0,58,58,58,58,58,0,0,0,0,0,0,0,0,0,0,0,0,0,0,0,0,0,0,58,0,0,0,0,0,34,34,34,34,34,0,34,34,34,34,34,34,34,34,34,34,34,34,34,0,58,34,5,5,34,
0,0,0,0,0,0,0,0,0,34,34,0,0,6,0,0,58,0,0,34,0,0,0,0,0,0,0,666,667,668,0,0,0,0,0,0,0,0,0,0,0,0,0,6,0,0,58,0,0,58,58,0,0,0,0,0,0,0,0,0,0,0,0,0,0,0,0,0,58,58,34,0,0,0,34,34,0,0,0,0,0,34,34,34,34,34,34,34,34,34,34,34,34,34,0,58,34,5,5,34,
0,0,34,0,0,0,34,0,0,34,34,0,0,6,0,0,58,58,0,34,667,668,0,0,0,0,0,699,700,701,0,0,0,0,0,0,0,0,0,0,0,0,0,6,0,0,58,58,58,58,0,0,0,0,0,0,0,0,0,0,58,0,0,0,0,0,0,58,58,34,34,34,0,0,0,0,0,0,0,0,0,34,34,34,34,34,34,34,34,34,34,34,34,34,0,58,34,34,34,34,
0,0,0,0,0,0,0,0,0,34,34,0,0,6,0,58,58,58,0,34,700,701,0,0,0,0,34,0,0,0,58,0,0,0,58,58,58,58,58,58,58,58,0,6,0,0,58,58,0,0,0,0,0,0,0,0,0,0,0,0,58,0,0,0,0,0,0,58,0,34,34,34,0,0,0,0,0,0,0,0,0,34,34,34,34,34,34,34,34,34,34,34,34,34,0,58,34,34,34,34,
0,0,0,0,0,0,0,0,0,34,34,0,0,6,0,0,0,0,0,34,0,0,0,0,58,0,0,0,0,0,0,0,0,0,0,0,0,0,58,0,0,0,0,6,0,666,667,668,0,0,0,0,0,0,0,0,0,0,0,0,58,0,0,0,0,0,0,0,34,34,34,34,0,0,0,0,58,58,58,58,0,34,34,34,34,34,34,34,34,34,34,34,34,34,0,58,34,5,5,34,
0,0,0,0,0,34,34,34,34,34,34,34,34,34,34,34,34,34,34,34,0,0,0,0,0,0,0,0,0,0,34,0,0,0,34,34,34,34,0,0,0,34,34,34,34,34,700,701,0,0,0,0,58,58,666,667,668,0,0,0,58,0,666,667,668,0,0,34,34,34,34,34,0,0,0,0,0,0,0,0,0,34,34,34,34,34,34,34,34,34,34,34,34,34,0,58,34,5,5,34,
0,0,0,0,0,34,0,0,0,0,0,0,0,6,0,0,0,0,0,0,0,0,0,34,34,0,666,667,668,0,0,0,0,0,0,0,666,34,34,34,34,34,0,6,0,0,0,0,0,58,0,0,0,58,58,700,701,0,58,0,58,0,699,700,701,0,34,34,34,34,34,34,0,0,0,0,0,0,0,0,0,34,34,34,34,34,34,34,34,34,34,34,34,34,0,58,34,5,5,34,
0,0,0,0,0,34,0,0,0,0,0,0,0,6,0,0,0,0,0,0,0,0,0,0,0,0,699,700,701,0,0,0,0,0,0,0,699,700,701,0,0,0,0,6,0,58,0,0,58,58,58,0,0,0,58,58,58,58,58,0,58,0,0,0,0,34,34,34,34,34,34,34,0,0,0,0,0,34,0,6,0,34,34,34,34,34,34,34,34,34,34,34,34,34,0,58,34,34,34,34,
0,0,0,0,0,34,0,0,0,0,0,666,667,6,0,0,0,0,0,0,58,0,0,0,0,0,0,0,0,0,0,0,0,0,0,0,0,0,0,0,0,0,0,6,0,58,0,58,58,0,58,0,0,0,0,0,0,0,0,0,58,0,34,34,34,34,34,34,34,34,34,34,0,0,58,58,0,0,6,6,6,34,34,34,34,34,34,34,34,34,34,34,34,34,0,58,34,34,34,34,
0,0,0,0,0,0,0,0,0,0,0,699,700,6,0,0,0,0,0,0,58,0,0,0,58,58,0,0,58,58,0,666,667,668,0,0,58,0,0,0,0,0,58,6,58,58,0,58,0,34,0,0,0,0,0,34,34,34,34,34,58,0,34,34,34,34,34,34,34,34,34,34,0,0,0,0,0,0,6,6,6,34,34,34,34,34,34,34,34,34,34,34,34,34,0,58,34,34,34,34,
0,0,666,667,668,0,0,0,0,0,0,0,0,6,0,0,0,666,667,668,58,58,0,0,58,58,0,0,0,0,0,699,700,701,0,303,304,305,0,0,0,0,0,6,0,58,0,666,667,668,0,0,0,0,34,34,34,34,34,34,58,0,34,34,34,34,34,34,34,34,34,34,0,34,34,34,34,34,0,6,0,34,34,34,34,34,34,34,34,34,34,34,34,34,0,58,7,8,9,34,
0,0,699,700,701,0,0,0,0,0,0,0,0,6,0,0,0,699,700,701,58,0,34,0,58,58,0,34,34,34,34,0,0,0,34,34,34,34,34,667,668,0,34,34,34,58,0,699,700,701,0,0,0,34,34,34,34,34,34,34,58,0,34,34,34,34,34,34,34,34,34,34,0,0,0,0,0,0,0,6,0,34,34,34,34,34,34,34,34,34,34,34,34,34,0,0,40,41,42,34,
0,0,58,0,413,347,0,0,0,0,0,0,0,6,0,0,0,0,0,58,58,34,34,0,0,666,667,668,0,0,0,0,58,0,0,0,0,0,699,700,701,0,0,6,0,58,0,0,0,0,0,0,34,34,34,34,34,34,34,34,58,0,34,34,34,34,34,34,34,34,34,34,0,0,0,0,0,0,0,6,0,34,34,34,34,34,34,34,34,34,34,34,34,34,34,34,34,34,34,34,
0,0,0,0,446,380,0,0,0,666,667,668,0,6,0,0,0,0,58,58,34,34,34,0,0,699,700,701,0,0,0,0,0,0,0,0,0,0,0,0,0,0,0,6,0,58,34,34,34,34,0,0,666,667,668,0,0,0,0,0,58,0,0,0,0,0,0,0,0,0,0,0,0,0,0,0,58,0,0,6,0,34,34,34,34,34,34,34,34,34,34,34,34,34,34,34,34,34,34,34,
34,34,34,34,34,34,34,0,0,58,700,58,0,6,0,0,58,0,0,34,34,34,34,0,34,0,0,315,316,317,0,0,279,0,315,316,317,0,0,279,0,0,0,6,666,667,668,0,0,0,0,340,699,700,701,0,0,0,0,0,58,58,0,0,0,666,667,668,0,0,0,58,0,0,345,0,0,0,0,6,0,34,34,34,34,34,34,34,34,34,34,34,34,34,34,34,34,34,34,34,
3,3,3,3,3,3,34,0,0,0,58,0,0,34,0,0,34,0,34,34,34,34,34,0,34,0,0,348,349,350,0,0,312,0,348,349,350,0,0,312,0,0,34,6,699,700,701,0,0,0,339,373,341,0,0,0,0,0,0,0,0,58,0,0,0,699,700,701,0,0,0,0,0,0,378,0,0,0,0,6,0,34,34,34,34,34,34,34,34,34,34,34,34,34,34,34,34,34,34,34,
3,3,3,3,3,3,34,0,0,34,34,34,0,6,0,0,0,0,0,0,0,0,0,0,34,34,34,34,34,34,34,34,34,34,34,34,34,34,34,34,34,34,34,6,0,34,0,0,0,34,372,373,374,34,0,0,0,34,34,34,0,58,34,34,34,34,0,0,0,37,37,37,37,37,37,37,37,37,37,6,0,34,34,34,34,34,34,34,34,34,34,34,34,34,34,34,34,34,34,34
